
elo.params <- 
  list(
    rating.mean = 0,
    spread = 0,
    margin = 36.84553274,
    coeff.rating.update = 10.29627330,
    regress.rating = 0.15732180,
    coeff.ground.update = 0.24685585,
    coeff.travel = 0.92211573,
    power.travel = 0.35214608,
    rating.expansion.init = -79.06871615
  )

score.params <- 
  list(
    margin.error.sigma = 36.84553274,
    lose.score.mu = 75.2, 
    lose.score.sigma = 19.2
  )
